AGENCY_NAME,Offense.Description,Offense.Level,TOTAL,WHITE_ARRESTS_PERCENT,BLACK_ARRESTS_PERCENT,HISPANIC_ARRESTS_PERCENT,ASIAN_ARRESTS_PERCENT,MULTIRACIAL_ARRESTS_PERCENT,NATIVEAM_ARRESTS_PERCENT,PACISL_ARRESTS_PERCENT
"CHP-HQ A/C, STAFF",DUI W/PRIORS:PER 23550 VC,F,726,29.0633608815427,13.360881542699724,49.17355371900827,5.785123966942149,1.1019283746556474,0.9641873278236914,0.5509641873278237
"CHP-HQ A/C, STAFF",DUI ALCOHOL/DRUG W/PRIORS,F,580,28.448275862068968,13.275862068965516,49.137931034482754,6.0344827586206895,1.3793103448275863,1.206896551724138,0.5172413793103449
"CHP-HQ A/C, STAFF",DUI ALCOHOL:CAUSE BOD INJ,F,548,32.846715328467155,7.664233576642336,51.82481751824818,5.474452554744526,0.7299270072992701,0.36496350364963503,1.094890510948905
"CHP-HQ A/C, STAFF",VEHICLE THEFT,F,518,31.85328185328185,17.56756756756757,45.366795366795365,1.7374517374517375,1.3513513513513513,0.7722007722007722,1.3513513513513513
"CHP-HQ A/C, STAFF",DUI:ALC/DRUG:RSLT:BOD INJ,F,292,33.21917808219178,8.561643835616438,49.65753424657534,6.164383561643835,0.684931506849315,0.3424657534246575,1.36986301369863
"CHP-HQ A/C, STAFF",EVADE PO:DISREGARD SAFETY,F,148,25.675675675675674,16.89189189189189,47.2972972972973,7.4324324324324325,2.027027027027027,0.6756756756756757,0
"CHP-HQ A/C, STAFF",EVADING PO:DISREGARD SFTY,F,110,36.36363636363637,15.454545454545453,44.54545454545455,3.6363636363636362,0,0,0
"CHP-HQ A/C, STAFF",POSS CNTL SUB FOR SALE,F,83,20.481927710843372,3.614457831325301,73.49397590361446,2.4096385542168677,0,0,0
"CHP-HQ A/C, STAFF",POSS CONTROLLED SUBSTANCE,F,75,37.333333333333336,5.333333333333334,44,6.666666666666667,1.3333333333333335,0,5.333333333333334
"CHP-HQ A/C, STAFF",DUI ALC/DRUG:CAUS BOD INJ,F,57,64.91228070175438,7.017543859649122,24.561403508771928,0,3.508771929824561,0,0
"CHP-HQ A/C, STAFF",UNSAFE LANE CHANGE/ETC,I,61,13.114754098360656,18.0327868852459,59.01639344262295,8.19672131147541,0,1.639344262295082,0
"CHP-HQ A/C, STAFF",DUI ALCOHOL,M,12272,26.32007822685789,10.723598435462842,54.30247718383312,6.543350717079531,1.0104302477183833,0.35853976531942633,0.7415254237288136
"CHP-HQ A/C, STAFF",DUI ALCOHOL AND DRUG,M,10922,31.843984618201794,10.7306354147592,48.342794360007325,6.363303424281268,1.3367515107123238,0.650064090825856,0.7324665812122322
"CHP-HQ A/C, STAFF",DUI ALCOHOL/DRUGS,M,8556,30.294530154277698,10.77606358111267,49.83637213651239,6.416549789621319,1.2739597942964003,0.6661991584852734,0.7363253856942497
"CHP-HQ A/C, STAFF",DUI ANY DRUG,M,1353,43.01552106430155,10.051736881005175,37.76792313377679,6.356245380635625,1.3303769401330376,0.8130081300813009,0.6651884700665188
"CHP-HQ A/C, STAFF",DUI ALCOHOL/0.08 PERCENT,M,1034,33.26885880077369,8.413926499032883,51.160541586073506,4.835589941972921,0.7736943907156674,0.8704061895551257,0.6769825918762089
"CHP-HQ A/C, STAFF",DUI:ALCOHOL/DRUGS,M,930,36.45161290322581,7.204301075268817,47.8494623655914,6.774193548387098,0.7526881720430108,0.7526881720430108,0.21505376344086022
"CHP-HQ A/C, STAFF",DUI ALCOHOL/DRUG,M,714,41.87675070028011,12.745098039215685,35.57422969187675,7.002801120448179,1.400560224089636,0.42016806722689076,0.9803921568627451
"CHP-HQ A/C, STAFF",UNDER INFLUENCE CNTL SUB,M,504,58.730158730158735,11.11111111111111,25.595238095238095,2.380952380952381,1.1904761904761905,0.1984126984126984,0.7936507936507936
"CHP-HQ A/C, STAFF",DUI DRUG,M,254,51.181102362204726,11.023622047244094,29.92125984251969,4.330708661417323,2.3622047244094486,0.7874015748031495,0.39370078740157477
"CHP-HQ A/C, STAFF",OBSTRUCT/ETC PUB OFCR/ETC,M,197,28.934010152284262,20.304568527918782,41.62436548223351,5.0761421319796955,1.5228426395939088,2.5380710659898478,0
"CHP-HQ A/C, STAFF",DISORD CONDUCT:UI/DRUG,M,113,48.67256637168141,8.849557522123893,31.858407079646017,4.424778761061947,2.6548672566371683,2.6548672566371683,0.8849557522123894
"CHP-HQ A/C, STAFF",DISORDRLY CONDUCT:TOLUENE,M,81,50.617283950617285,6.172839506172839,38.2716049382716,3.7037037037037033,0,1.2345679012345678,0
"CHP-HQ A/C, STAFF",EVADING PEACE OFFICER,M,74,32.432432432432435,12.162162162162163,35.13513513513514,10.81081081081081,4.054054054054054,5.405405405405405,0
"CHP-HQ A/C, STAFF",RECKLESS DRIVING:HIGHWAY,M,74,25.675675675675674,17.56756756756757,43.24324324324324,9.45945945945946,2.7027027027027026,0,1.3513513513513513
"CHP-HQ A/C, STAFF",DUI ALCOHOL:CAUSE BOD INJ,M,71,35.2112676056338,9.859154929577464,50.70422535211267,2.8169014084507045,1.4084507042253522,0,0
"CHP-HQ A/C, STAFF",TAKE VEH W/O OWNER CONSNT,M,69,34.78260869565217,17.391304347826086,43.47826086956522,0,2.898550724637681,0,1.4492753623188406
"CHP-HQ A/C, STAFF",DISORD CONDUCT:ALCOHOL,M,68,45.588235294117645,7.352941176470589,36.76470588235294,2.941176470588235,2.941176470588235,4.411764705882353,0
"CHP-HQ A/C, STAFF",ILLEGAL SPEED CONTEST,M,57,7.017543859649122,3.508771929824561,82.45614035087719,5.263157894736842,0,0,1.7543859649122806
"CHP-HQ A/C, STAFF",TRESPASS:OCC PROP W/O CON,M,51,50.98039215686274,15.686274509803921,25.49019607843137,7.8431372549019605,0,0,0
LAPD,CRPL INJ:SPOUS/COHAB/DATE,F,1063,16.650987770460958,27.0931326434619,48.73000940733772,6.208842897460019,0.8466603951081844,0.09407337723424271,0.37629350893697083
LAPD,ADW NOT FIREARM,F,1051,13.035204567078972,37.67840152235966,45.19505233111323,3.425309229305423,0.47573739295908657,0.09514747859181732,0.09514747859181732
LAPD,INFLICT CRPL INJ SP/COHAB,F,991,15.338042381432896,26.337033299697275,51.46316851664985,5.953582240161452,0.5045408678102926,0.20181634712411706,0.20181634712411706
LAPD,POSS CONTROLLED SUBSTANCE,F,795,25.157232704402517,19.622641509433965,50.18867924528302,3.7735849056603774,0.7547169811320755,0,0.5031446540880503
LAPD,ROBBERY,F,773,7.244501940491591,51.61707632600259,38.809831824062094,1.5523932729624839,0.258732212160414,0.258732212160414,0.258732212160414
LAPD,BURGLARY,F,650,19.076923076923077,30.615384615384617,46.92307692307692,2.307692307692308,0.7692307692307693,0.3076923076923077,0
LAPD,GRAND THEFT:AUTO,F,403,12.655086848635236,22.8287841191067,61.53846153846154,2.2332506203473943,0.49627791563275436,0,0.24813895781637718
LAPD,FELON/ETC POSS/ETC F/ARM,F,399,4.761904761904762,53.1328320802005,40.35087719298245,0.7518796992481203,0.7518796992481203,0,0.2506265664160401
LAPD,POSSESS NARCOTIC CNTL SUB,F,368,38.315217391304344,27.98913043478261,29.891304347826086,2.989130434782609,0.8152173913043478,0,0
LAPD,POSS CNTL SUB FOR SALE,F,267,16.853932584269664,22.846441947565545,56.55430711610487,2.9962546816479403,0.37453183520599254,0,0.37453183520599254
LAPD,DUI ALCOHOL:CAUSE BOD INJ,F,224,21.428571428571427,11.160714285714286,63.39285714285714,4.017857142857143,0,0,0
LAPD,VIOLATION OF PAROLE:FEL,F,221,6.787330316742081,41.17647058823529,50.2262443438914,0.4524886877828055,1.3574660633484164,0,0
LAPD,ROBBERY:SECOND DEGREE,F,188,12.76595744680851,42.5531914893617,43.61702127659575,1.0638297872340425,0,0,0
LAPD,TRANSP/SELL NARC/CNTL SUB,F,175,8,69.71428571428572,20.57142857142857,1.7142857142857144,0,0,0
LAPD,ASLT W/FIREARM ON PERSON,F,152,8.552631578947368,33.55263157894737,52.63157894736842,5.263157894736842,0,0,0
LAPD,GRAND THEFT,F,139,28.05755395683453,26.618705035971225,38.1294964028777,7.1942446043165464,0,0,0
LAPD,VEHICLE THEFT,F,139,10.79136690647482,23.021582733812952,61.15107913669065,3.5971223021582732,0.7194244604316548,0,0.7194244604316548
LAPD,CCW IN VEHICLE,F,132,6.0606060606060606,51.515151515151516,38.63636363636363,2.272727272727273,0.7575757575757576,0,0.7575757575757576
LAPD,GRDTHFT:MONEY/LABOR/PROP,F,130,27.692307692307693,29.230769230769234,38.46153846153847,4.615384615384616,0,0,0
LAPD,MURDER,F,130,10,41.53846153846154,46.92307692307692,1.5384615384615385,0,0,0
LAPD,TRANSP/ETC CNTL SUB,F,115,11.304347826086957,41.73913043478261,44.34782608695652,0,0.8695652173913043,0,1.7391304347826086
LAPD,POS/PUR F/SALE NARC/C/SUB,F,110,22.727272727272727,37.27272727272727,33.63636363636363,5.454545454545454,0.9090909090909091,0,0
LAPD,CARRY CON/DIRK OR DAGGER,F,106,13.20754716981132,22.641509433962266,58.490566037735846,4.716981132075472,0,0.9433962264150944,0
LAPD,ROBBERY:FIRST DEGREE,F,93,4.301075268817205,37.634408602150536,54.83870967741935,2.1505376344086025,1.0752688172043012,0,0
LAPD,POSS/PUR COKE BASE F/SALE,F,89,1.1235955056179776,71.91011235955057,24.719101123595504,1.1235955056179776,0,0,1.1235955056179776
LAPD,POSS CNTL SUB WHILE ARMED,F,83,9.63855421686747,31.32530120481928,55.42168674698795,1.2048192771084338,0,2.4096385542168677,0
LAPD,GET CREDIT/ETC OTHER'S ID,F,79,24.050632911392405,30.37974683544304,43.037974683544306,2.5316455696202533,0,0,0
LAPD,CCW ON PERSON,F,69,5.797101449275362,39.130434782608695,50.72463768115942,2.898550724637681,0,0,1.4492753623188406
LAPD,DUI W/PRIORS:PER 23550 VC,F,69,10.144927536231885,15.942028985507244,68.11594202898551,4.3478260869565215,0,1.4492753623188406,0
LAPD,INF INJ:SPS/ETC W/PR ASLT,F,69,8.695652173913043,36.231884057971016,52.17391304347826,1.4492753623188406,1.4492753623188406,0,0
LAPD,ADW/FORCE:POSSIBLE GBI,F,66,10.606060606060606,39.39393939393939,46.96969696969697,3.0303030303030303,0,0,0
LAPD,CARJACKING,F,62,1.6129032258064515,45.16129032258064,51.61290322580645,0,1.6129032258064515,0,0
LAPD,KEP PLACE:SEL/ETC N/C/SUB,F,60,23.333333333333332,23.333333333333332,41.66666666666667,10,1.6666666666666667,0,0
LAPD,BRING CNTL SUB/ETC JAIL,F,56,19.642857142857142,21.428571428571427,53.57142857142857,5.357142857142857,0,0,0
LAPD,PROHIB OWN/ETC AMMO/ETC,F,56,5.357142857142857,28.57142857142857,64.28571428571429,0,1.7857142857142856,0,0
LAPD,TAKE VEH:NO CNSNT:SPEC PR,F,55,3.6363636363636362,9.090909090909092,85.45454545454545,1.8181818181818181,0,0,0
LAPD,MFG/SALE/ETC METAL KNUCKL,F,50,8,22,66,2,2,0,0
LAPD,DUI ALCOHOL,M,1609,13.735239279055314,12.616532007458048,69.54630205096333,3.480422622747048,0.3729024238657551,0.1243008079552517,0.1243008079552517
LAPD,THRTN CRIME:INT:TERRORIZE,M,785,16.687898089171973,34.14012738853503,42.675159235668794,5.987261146496816,0.25477707006369427,0,0.25477707006369427
LAPD,SHOPLIFTING,M,744,26.209677419354836,31.85483870967742,36.424731182795696,4.704301075268817,0.4032258064516129,0.13440860215053765,0.2688172043010753
LAPD,BATTERY ON PERSON,M,616,19.155844155844157,31.818181818181817,42.857142857142854,4.707792207792208,0.974025974025974,0.16233766233766234,0.3246753246753247
LAPD,BAT:SPOUSE/EX SP/DATE/ETC,M,614,13.517915309446254,25.570032573289904,53.09446254071661,6.514657980456026,0.8143322475570033,0.16286644951140067,0.32573289902280134
LAPD,TAKE VEH W/O OWNER CONSNT,M,606,11.55115511551155,26.567656765676567,59.4059405940594,2.31023102310231,0.16501650165016502,0,0
LAPD,PROSTITUTION,M,508,11.023622047244094,47.834645669291334,33.85826771653544,6.692913385826772,0.39370078740157477,0.19685039370078738,0
LAPD,TRESPASSING,M,393,21.119592875318066,31.552162849872772,41.98473282442748,4.325699745547073,0.5089058524173028,0,0.5089058524173028
LAPD,VIO ORD:PREVNT DOMES VIOL,M,339,14.454277286135694,18.87905604719764,62.24188790560472,4.129793510324483,0.2949852507374631,0,0
LAPD,DISORD CONDUCT:ALCOHOL,M,297,14.814814814814813,20.875420875420875,57.91245791245792,3.0303030303030303,1.3468013468013467,1.6835016835016834,0.33670033670033667
LAPD,DUI ANY DRUG,M,296,19.93243243243243,25.675675675675674,48.64864864864865,5.743243243243244,0,0,0
LAPD,PETTY THEFT,M,257,34.24124513618677,26.459143968871597,34.63035019455253,3.501945525291829,0.38910505836575876,0.38910505836575876,0.38910505836575876
LAPD,POSS UNLAW PARAPHERNALIA,M,255,21.176470588235293,40.78431372549019,35.68627450980392,1.9607843137254901,0.39215686274509803,0,0
LAPD,DRIV:SUSP/ETC LIC:DUI:VIO,M,251,4.382470119521913,14.342629482071715,78.08764940239044,3.187250996015936,0,0,0
LAPD,ASLT/BATT PEACE OFR/ETC,M,249,24.096385542168676,23.694779116465863,47.389558232931726,4.417670682730924,0.4016064257028112,0,0
LAPD,ASSAULT & BATTERY,M,231,19.480519480519483,31.16883116883117,42.42424242424242,5.194805194805195,1.2987012987012987,0.4329004329004329,0
LAPD,VANDALISM,M,193,15.025906735751295,23.83419689119171,55.44041450777202,5.181347150259067,0,0.5181347150259068,0
LAPD,VANDALISM:DEFACE PROPERTY,M,193,10.880829015544041,18.65284974093264,66.83937823834198,2.5906735751295336,1.0362694300518136,0,0
LAPD,VANDALISM:DAMAGE PROPERTY,M,185,25.945945945945947,25.405405405405407,44.32432432432433,2.1621621621621623,1.0810810810810811,0,1.0810810810810811
LAPD,LOCAL ORDINANCE VIOL,M,159,11.320754716981133,18.238993710691823,67.29559748427673,3.1446540880503147,0,0,0
LAPD,LOITER:INT:PROSTITUTION,M,156,7.6923076923076925,64.74358974358975,25,1.9230769230769231,0,0.641025641025641,0
LAPD,TRESPAS:REFUSE LEAVE PROP,M,145,20,37.93103448275862,36.55172413793103,4.827586206896552,0,0,0.6896551724137931
LAPD,REC KNWN STOLN PROP,M,125,16.8,28.799999999999997,51.2,1.6,0,0.8,0.8
LAPD,UNDER INFLUENCE CNTL SUB,M,124,42.74193548387097,19.35483870967742,32.25806451612903,3.225806451612903,2.4193548387096775,0,0
LAPD,CRRY LOAD F/ARM PUB PLACE,M,118,5.932203389830509,39.83050847457627,50,3.389830508474576,0.847457627118644,0,0
LAPD,OBSTRUCT/ETC PUB OFCR/ETC,M,115,13.91304347826087,39.130434782608695,45.21739130434783,0.8695652173913043,0.8695652173913043,0,0
LAPD,VANDALISM $400 OR MORE,M,114,19.298245614035086,24.561403508771928,55.26315789473685,0.8771929824561403,0,0,0
LAPD,CONTEMPT:VIOL PROTECT ORD,M,95,10.526315789473683,21.052631578947366,65.26315789473685,1.0526315789473684,2.1052631578947367,0,0
LAPD,POSSESS CNTL SUB,M,89,24.719101123595504,30.337078651685395,43.82022471910113,0,1.1235955056179776,0,0
LAPD,BATTERY:SPOUSE/ETC,M,87,17.24137931034483,25.287356321839084,50.57471264367817,6.896551724137931,0,0,0
LAPD,DRIVE:LIC SUSPENDED/ETC,M,85,3.5294117647058822,41.17647058823529,45.88235294117647,2.3529411764705883,7.0588235294117645,0,0
LAPD,VANDALISM -$400,M,78,21.794871794871796,19.230769230769234,56.41025641025641,1.282051282051282,1.282051282051282,0,0
LAPD,EXHIBIT DEADWPN:NOT F/ARM,M,73,15.068493150684931,34.24657534246575,49.31506849315068,1.36986301369863,0,0,0
LAPD,CONTEMPT:DISOBEY CRT ORDR,M,70,21.428571428571427,17.142857142857142,52.85714285714286,8.571428571428571,0,0,0
LAPD,INDECENT EXPOSURE,M,64,21.875,42.1875,34.375,0,0,1.5625,0
LAPD,THEFT,M,64,25,23.4375,46.875,3.125,0,0,1.5625
LAPD,TRESPASS:INJURE PROPERTY,M,62,24.193548387096776,33.87096774193548,32.25806451612903,8.064516129032258,1.6129032258064515,0,0
LAPD,PETTY THEFT:-$950,M,58,22.413793103448278,31.03448275862069,36.206896551724135,8.620689655172415,1.7241379310344827,0,0
LAPD,OBSTRUCT/RESIST EXEC OFCR,M,57,10.526315789473683,45.614035087719294,38.59649122807017,0,3.508771929824561,1.7543859649122806,0
LAPD,ENTER NONCOMM DWELLING,M,56,12.5,28.57142857142857,57.14285714285714,1.7857142857142856,0,0,0
LAPD,PROB VIOL:REARREST/REVOKE,X,166,10.843373493975903,12.048192771084338,72.89156626506023,3.0120481927710845,1.2048192771084338,0,0
LAPD,PRCS VIOLATION,X,119,5.042016806722689,26.05042016806723,65.54621848739495,3.361344537815126,0,0,0
LAPD,PROB VIOL:REAREST/REVOKE,X,114,12.280701754385964,12.280701754385964,72.80701754385966,1.7543859649122806,0.8771929824561403,0,0
LAPD,PRCS:FLASH INCARCERATION,X,73,6.8493150684931505,31.506849315068493,61.64383561643836,0,0,0,0
LAPD,IN CUSTODY ARREST,X,53,20.754716981132077,33.9622641509434,45.28301886792453,0,0,0,0
LOS ANGELES CO SD,POSS CONTROLLED SUBSTANCE,F,537,26.256983240223462,9.31098696461825,59.77653631284916,2.0484171322160147,2.4208566108007448,0,0.186219739292365
LOS ANGELES CO SD,VEHICLE THEFT,F,464,17.887931034482758,18.318965517241377,56.25,1.293103448275862,4.956896551724138,0,1.293103448275862
LOS ANGELES CO SD,INFLICT CRPL INJ SP/COHAB,F,338,15.976331360946746,32.544378698224854,43.49112426035503,2.0710059171597637,5.029585798816568,0,0.8875739644970414
LOS ANGELES CO SD,POSS CNTL SUB FOR SALE,F,301,23.920265780730897,14.61794019933555,53.156146179402,0.33222591362126247,5.980066445182724,0.33222591362126247,1.6611295681063125
LOS ANGELES CO SD,CRPL INJ:SPOUS/COHAB/DATE,F,294,17.687074829931973,26.53061224489796,48.97959183673469,4.421768707482993,1.7006802721088436,0,0.6802721088435374
LOS ANGELES CO SD,BURGLARY,F,282,18.79432624113475,34.04255319148936,38.652482269503544,2.8368794326241136,5.319148936170213,0,0.3546099290780142
LOS ANGELES CO SD,ADW NOT FIREARM,F,235,13.191489361702127,28.085106382978726,51.48936170212765,1.702127659574468,4.680851063829787,0,0.851063829787234
LOS ANGELES CO SD,ROBBERY,F,233,11.587982832618025,42.06008583690987,43.34763948497854,0,2.1459227467811157,0,0.8583690987124464
LOS ANGELES CO SD,CARRY CON/DIRK OR DAGGER,F,179,18.994413407821227,15.083798882681565,59.77653631284916,1.1173184357541899,4.4692737430167595,0,0.5586592178770949
LOS ANGELES CO SD,FELON/ETC POSS/ETC F/ARM,F,149,9.395973154362416,33.557046979865774,51.006711409395976,0.6711409395973155,4.697986577181208,0,0.6711409395973155
LOS ANGELES CO SD,THRTN CRIME:INT:TERRORIZE,F,145,17.93103448275862,31.724137931034484,42.06896551724138,4.827586206896552,2.0689655172413794,1.3793103448275863,0
LOS ANGELES CO SD,POSSESS NARCOTIC CNTL SUB,F,134,34.32835820895522,20.149253731343283,40.298507462686565,2.9850746268656714,2.2388059701492535,0,0
LOS ANGELES CO SD,VANDALISM $10000 OR MORE,F,100,22,24,44,4,5,0,1
LOS ANGELES CO SD,VANDALISM $400 OR MORE,F,78,16.666666666666664,32.05128205128205,44.871794871794876,3.8461538461538463,2.564102564102564,0,0
LOS ANGELES CO SD,CRRY LOAD H/GUN:NOT OWNER,F,75,2.666666666666667,36,54.666666666666664,2.666666666666667,4,0,0
LOS ANGELES CO SD,PROHIB OWN/ETC AMMO/ETC,F,73,20.54794520547945,21.91780821917808,54.794520547945204,1.36986301369863,1.36986301369863,0,0
LOS ANGELES CO SD,POSS CNTL SUB WHILE ARMED,F,72,9.722222222222223,22.22222222222222,59.72222222222222,2.7777777777777777,5.555555555555555,0,0
LOS ANGELES CO SD,ADW/FORCE:POSSIBLE GBI,F,69,14.492753623188406,28.985507246376812,50.72463768115942,0,4.3478260869565215,0,1.4492753623188406
LOS ANGELES CO SD,POS/PUR F/SALE NARC/C/SUB,F,65,27.692307692307693,10.76923076923077,47.69230769230769,6.153846153846154,6.153846153846154,0,1.5384615384615385
LOS ANGELES CO SD,GET CREDIT/ETC OTHER'S ID,F,61,16.39344262295082,34.42622950819672,39.34426229508197,4.918032786885246,4.918032786885246,0,0
LOS ANGELES CO SD,GRAND THEFT,F,61,18.0327868852459,29.508196721311474,45.90163934426229,3.278688524590164,1.639344262295082,0,1.639344262295082
LOS ANGELES CO SD,OBSTRUCT/RESIST EXEC OFF,F,54,12.962962962962962,16.666666666666664,62.96296296296296,3.7037037037037033,3.7037037037037033,0,0
LOS ANGELES CO SD,ASLT W/FIREARM ON PERSON,F,50,6,36,48,6,4,0,0
LOS ANGELES CO SD,CHILD CRUELTY:POS INJ/DTH,F,50,20,40,36,2,2,0,0
LOS ANGELES CO SD,POSSESS CNTL SUB,M,1798,24.47163515016685,9.733036707452724,59.34371523915461,1.3904338153503892,4.505005561735262,0.11123470522803114,0.44493882091212456
LOS ANGELES CO SD,POSS UNLAW PARAPHERNALIA,M,1072,26.026119402985078,14.738805970149254,52.51865671641791,2.2388059701492535,4.0111940298507465,0,0.46641791044776115
LOS ANGELES CO SD,UNDER INFLUENCE CNTL SUB,M,651,24.577572964669738,10.906298003072196,57.757296466973884,2.7649769585253456,3.5330261136712746,0,0.4608294930875576
LOS ANGELES CO SD,DISORD CONDUCT:UI/DRUG,M,347,26.801152737752158,19.020172910662826,45.53314121037464,3.45821325648415,4.610951008645533,0,0.57636887608069165
LOS ANGELES CO SD,DUI ALCOHOL,M,320,24.6875,13.4375,51.5625,7.187499999999999,2.8125,0,0.3125
LOS ANGELES CO SD,POSSESS NARCOTIC CNTL SUB,M,319,35.10971786833856,18.181818181818183,41.37931034482759,2.19435736677116,2.507836990595611,0,0.6269592476489028
LOS ANGELES CO SD,BAT:SPOUSE/EX SP/DATE/ETC,M,292,15.41095890410959,28.767123287671232,47.94520547945205,3.767123287671233,3.4246575342465753,0,0.684931506849315
LOS ANGELES CO SD,LOITER:INT:PROSTITUTION,M,279,8.60215053763441,74.55197132616487,15.053763440860216,0.35842293906810035,1.4336917562724014,0,0
LOS ANGELES CO SD,DUI ALCOHOL/0.08 PERCENT,M,171,24.561403508771928,14.035087719298245,52.046783625730995,4.678362573099415,4.678362573099415,0,0
LOS ANGELES CO SD,SHOPLIFTING,M,158,23.417721518987342,31.0126582278481,39.24050632911392,3.1645569620253164,3.1645569620253164,0,0
LOS ANGELES CO SD,DRIVE W/O LICENSE,M,125,11.200000000000001,9.6,68,4,7.199999999999999,0,0
LOS ANGELES CO SD,SEXUAL BATT:SEX AROUSAL,M,120,18.333333333333332,33.33333333333333,41.66666666666667,2.5,2.5,0,1.6666666666666667
LOS ANGELES CO SD,BATTERY,M,116,26.72413793103448,28.448275862068968,37.93103448275862,2.586206896551724,3.4482758620689653,0,0.8620689655172413
LOS ANGELES CO SD,DRIVE:LIC SUSPENDED/ETC,M,114,13.157894736842104,21.052631578947366,63.1578947368421,0.8771929824561403,1.7543859649122806,0,0
LOS ANGELES CO SD,TRESPASSING,M,107,26.168224299065418,22.429906542056074,45.794392523364486,1.8691588785046727,3.7383177570093453,0,0
LOS ANGELES CO SD,VIO ORD:PREVNT DOMES VIOL,M,105,17.142857142857142,20,58.0952380952381,2.857142857142857,1.9047619047619049,0,0
LOS ANGELES CO SD,DISORD CONDUCT:ALCOHOL,M,96,28.125,15.625,51.041666666666664,1.0416666666666665,4.166666666666666,0,0
LOS ANGELES CO SD,DELIVER/ETC DRUG PARAPHNL,M,86,26.744186046511626,16.27906976744186,52.32558139534884,1.1627906976744187,3.488372093023256,0,0
LOS ANGELES CO SD,CONTEMPT:DISOBEY CRT ORDR,M,84,17.857142857142858,15.476190476190476,54.761904761904766,2.380952380952381,8.333333333333332,1.1904761904761905,0
LOS ANGELES CO SD,DUI ANY DRUG,M,71,18.30985915492958,16.901408450704224,59.154929577464785,4.225352112676056,1.4084507042253522,0,0
LOS ANGELES CO SD,POSSESS BURGLARY TOOLS,M,71,18.30985915492958,9.859154929577464,69.01408450704226,1.4084507042253522,1.4084507042253522,0,0
LOS ANGELES CO SD,OBSTRUCT/ETC PUB OFCR/ETC,M,65,20,41.53846153846154,29.230769230769234,0,9.230769230769232,0,0
RIVERSIDE CO SO,INFLICT CRPL INJ SP/COHAB,F,73,31.506849315068493,20.54794520547945,43.83561643835616,2.73972602739726,1.36986301369863,0,0
RIVERSIDE CO SO,POSS CONTROLLED SUBSTANCE,F,61,42.62295081967213,6.557377049180328,49.18032786885246,0,1.639344262295082,0,0
RIVERSIDE CO SO,DISORD CONDUCT:ALCOHOL,M,176,38.63636363636363,9.659090909090908,47.159090909090914,1.7045454545454544,0,2.272727272727273,0.5681818181818182
RIVERSIDE CO SO,DUI ALCOHOL,M,120,34.166666666666664,4.166666666666666,59.166666666666664,2.5,0,0,0
RIVERSIDE CO SO,TRESPASSING,M,55,38.18181818181819,16.363636363636363,43.63636363636363,0,0,1.8181818181818181,0
RIVERSIDE CO SO,UNDER INFLUENCE CNTL SUB,M,55,41.81818181818181,14.545454545454545,38.18181818181819,3.6363636363636362,0,0,1.8181818181818181
SAN BERNARDINO CO SO,POSS CONTROLLED SUBSTANCE,F,355,50.140845070422536,6.197183098591549,39.154929577464785,3.0985915492957745,0.5633802816901409,0.5633802816901409,0.28169014084507044
SAN BERNARDINO CO SO,POSS STOLEN VEH/VES/ETC,F,228,35.96491228070175,17.543859649122805,44.73684210526316,0.8771929824561403,0.43859649122807015,0,0.43859649122807015
SAN BERNARDINO CO SO,POSS CNTL SUB FOR SALE,F,125,48,10.4,40.8,0.8,0,0,0
SAN BERNARDINO CO SO,BURGLARY,F,106,34.90566037735849,26.41509433962264,32.075471698113205,1.8867924528301887,2.8301886792452833,0,1.8867924528301887
SAN BERNARDINO CO SO,INFLICT CRPL INJ SP/COHAB,F,100,36,24,39,0,0,0,1
SAN BERNARDINO CO SO,ADW NOT FIREARM,F,99,36.36363636363637,27.27272727272727,30.303030303030305,2.0202020202020203,2.0202020202020203,1.0101010101010102,1.0101010101010102
SAN BERNARDINO CO SO,DUI 0.08 W/PR:PER 23550VC,F,94,32.97872340425532,9.574468085106384,53.191489361702125,4.25531914893617,0,0,0
SAN BERNARDINO CO SO,FELON/ETC POSS/ETC F/ARM,F,79,24.050632911392405,15.18987341772152,58.22784810126582,0,1.2658227848101267,0,1.2658227848101267
SAN BERNARDINO CO SO,POSSESS NARCOTIC CNTL SUB,F,77,55.84415584415584,9.090909090909092,29.87012987012987,2.5974025974025974,2.5974025974025974,0,0
SAN BERNARDINO CO SO,REC KNWN STOLN PROP,F,66,50,7.575757575757576,39.39393939393939,0,3.0303030303030303,0,0
SAN BERNARDINO CO SO,ROBBERY,F,56,26.785714285714285,32.142857142857146,41.07142857142857,0,0,0,0
SAN BERNARDINO CO SO,CARRY CON/DIRK OR DAGGER,F,55,45.45454545454545,20,32.72727272727273,0,1.8181818181818181,0,0
SAN BERNARDINO CO SO,CRPL INJ:SPOUS/COHAB/DATE,F,52,36.53846153846153,13.461538461538462,46.15384615384615,1.9230769230769231,1.9230769230769231,0,0
SAN BERNARDINO CO SO,DISORD CONDUCT:ALCOHOL,M,469,42.00426439232409,16.204690831556505,39.01918976545842,1.279317697228145,1.279317697228145,0.21321961620469082,0
SAN BERNARDINO CO SO,POSS UNLAW PARAPHERNALIA,M,460,47.391304347826086,13.260869565217392,34.78260869565217,1.7391304347826086,1.7391304347826086,0.43478260869565216,0.6521739130434783
SAN BERNARDINO CO SO,UNDER INFLUENCE CNTL SUB,M,374,45.18716577540107,12.299465240641712,38.23529411764706,2.13903743315508,1.6042780748663104,0.267379679144385,0.267379679144385
SAN BERNARDINO CO SO,BAT:SPOUSE/EX SP/DATE/ETC,M,285,33.33333333333333,22.105263157894736,40.35087719298245,2.1052631578947367,1.7543859649122806,0.3508771929824561,0
SAN BERNARDINO CO SO,TRESPASSING,M,221,34.38914027149321,28.95927601809955,30.76923076923077,4.524886877828054,0.904977375565611,0,0.4524886877828055
SAN BERNARDINO CO SO,SHOPLIFTING,M,193,31.606217616580313,22.797927461139896,38.860103626943,2.5906735751295336,2.5906735751295336,0,1.5544041450777202
SAN BERNARDINO CO SO,POSSESS CNTL SUB,M,191,50.26178010471204,5.7591623036649215,41.8848167539267,2.094240837696335,0,0,0
SAN BERNARDINO CO SO,DUI ALCOHOL,M,173,32.947976878612714,13.294797687861271,50.86705202312138,1.7341040462427744,1.1560693641618496,0,0
SAN BERNARDINO CO SO,DUI ALCOHOL/0.08 PERCENT,M,150,42,10.666666666666668,45.33333333333333,2,0,0,0
SAN BERNARDINO CO SO,OBSTRUCT/ETC PUB OFCR/ETC,M,133,30.075187969924812,23.308270676691727,41.35338345864661,2.2556390977443606,3.007518796992481,0,0
SAN BERNARDINO CO SO,TAKE VEH W/O OWNER CONSNT,M,91,37.362637362637365,14.285714285714285,41.75824175824176,3.296703296703297,2.197802197802198,0,1.098901098901099
SAN BERNARDINO CO SO,FALSE ID TO SPECIFIC PO'S,M,63,25.396825396825395,33.33333333333333,41.269841269841265,0,0,0,0
SAN BERNARDINO CO SO,ENTER NONCOMM DWELLING,M,55,16.363636363636363,40,43.63636363636363,0,0,0,0
SAN BERNARDINO CO SO,DRIVE:LIC SUSPENDED/ETC,M,51,37.254901960784316,9.803921568627452,52.94117647058824,0,0,0,0
SAN DIEGO CO SO,POSS CONTROLLED SUBSTANCE,F,153,60.130718954248366,4.57516339869281,27.450980392156865,3.9215686274509802,0.6535947712418301,1.9607843137254901,1.3071895424836601
SAN DIEGO CO SO,INFLICT CRPL INJ SP/COHAB,F,152,44.07894736842105,9.210526315789473,40.131578947368425,4.605263157894736,0.6578947368421052,0.6578947368421052,0.6578947368421052
SAN DIEGO CO SO,ADW NOT FIREARM,F,78,38.46153846153847,12.82051282051282,41.02564102564102,3.8461538461538463,1.282051282051282,1.282051282051282,1.282051282051282
SAN DIEGO CO SO,CRPL INJ:SPOUS/COHAB/DATE,F,73,52.054794520547944,9.58904109589041,27.397260273972602,8.21917808219178,0,1.36986301369863,1.36986301369863
SAN DIEGO CO SO,BURGLARY,F,57,54.385964912280706,14.035087719298245,28.07017543859649,1.7543859649122806,0,0,1.7543859649122806
SAN DIEGO CO SO,POSS CNTL SUB FOR SALE,F,55,61.81818181818181,9.090909090909092,25.454545454545453,1.8181818181818181,0,1.8181818181818181,0
SAN DIEGO CO SO,POSSESS NARCOTIC CNTL SUB,F,55,65.45454545454545,5.454545454545454,20,5.454545454545454,1.8181818181818181,1.8181818181818181,0
SAN DIEGO CO SO,DISORD CONDUCT:ALCOHOL,M,489,50.10224948875256,8.793456032719837,38.036809815950924,1.6359918200409,0.81799591002045,0.6134969325153374,0
SAN DIEGO CO SO,POSSESS CNTL SUB,M,306,63.0718954248366,9.15032679738562,22.54901960784314,3.594771241830065,0.6535947712418301,0.9803921568627451,0
SAN DIEGO CO SO,UNDER INFLUENCE CNTL SUB,M,294,59.863945578231295,6.462585034013606,28.91156462585034,3.061224489795918,1.0204081632653061,0.6802721088435374,0
SAN DIEGO CO SO,POSS UNLAW PARAPHERNALIA,M,251,64.9402390438247,6.772908366533864,24.302788844621514,3.187250996015936,0,0.398406374501992,0.398406374501992
SAN DIEGO CO SO,DUI ALCOHOL,M,238,45.79831932773109,2.5210084033613445,45.79831932773109,3.7815126050420167,0.8403361344537815,0.42016806722689076,0.8403361344537815
SAN DIEGO CO SO,BAT:SPOUSE/EX SP/DATE/ETC,M,166,47.59036144578313,7.83132530120482,36.74698795180723,6.024096385542169,0.6024096385542169,0.6024096385542169,0.6024096385542169
SAN DIEGO CO SO,POSSESS NARCOTIC CNTL SUB,M,104,58.65384615384615,3.8461538461538463,30.76923076923077,3.8461538461538463,0,1.9230769230769231,0.9615384615384616
SAN DIEGO CO SO,SHOPLIFTING,M,77,46.75324675324675,22.07792207792208,28.57142857142857,0,0,1.2987012987012987,1.2987012987012987
SAN DIEGO CO SO,VIO ORD:PREVNT DOMES VIOL,M,67,53.73134328358209,10.44776119402985,26.865671641791046,2.9850746268656714,2.9850746268656714,1.4925373134328357,1.4925373134328357
SAN DIEGO CO SO,OBSTRUCT/ETC PUB OFCR/ETC,M,60,63.33333333333333,5,28.333333333333332,1.6666666666666667,0,1.6666666666666667,0
SAN DIEGO CO SO,DISORD CONDUCT:UI/DRUG,M,53,45.28301886792453,15.09433962264151,35.84905660377358,3.7735849056603774,0,0,0
SAN DIEGO PD,INFLICT CRPL INJ SP/COHAB,F,252,36.904761904761905,21.825396825396826,32.53968253968254,6.349206349206349,0.3968253968253968,0.7936507936507936,1.1904761904761905
SAN DIEGO PD,VIOLATION OF PAROLE:FEL,F,241,30.70539419087137,34.439834024896264,30.29045643153527,2.0746887966804977,0.4149377593360996,1.2448132780082988,0.8298755186721992
SAN DIEGO PD,CRPL INJ:SPOUS/COHAB/DATE,F,210,32.38095238095238,16.19047619047619,42.38095238095238,7.142857142857142,0.4761904761904762,0,1.4285714285714286
SAN DIEGO PD,ADW NOT FIREARM,F,176,31.25,30.681818181818183,31.25,5.113636363636364,0.5681818181818182,0,1.1363636363636365
SAN DIEGO PD,POSS CONTROLLED SUBSTANCE,F,167,50.29940119760479,25.149700598802394,19.760479041916167,1.7964071856287425,2.3952095808383236,0,0.5988023952095809
SAN DIEGO PD,POSSESS NARCOTIC CNTL SUB,F,91,42.857142857142854,21.978021978021978,25.274725274725274,4.395604395604396,4.395604395604396,0,1.098901098901099
SAN DIEGO PD,ROBBERY,F,84,14.285714285714285,47.61904761904761,32.142857142857146,3.571428571428571,1.1904761904761905,0,1.1904761904761905
SAN DIEGO PD,POSS CNTL SUB FOR SALE,F,77,44.15584415584416,22.07792207792208,22.07792207792208,9.090909090909092,1.2987012987012987,0,1.2987012987012987
SAN DIEGO PD,ROBBERY:SECOND DEGREE,F,74,31.08108108108108,35.13513513513514,31.08108108108108,2.7027027027027026,0,0,0
SAN DIEGO PD,THRTN CRIME:INT:TERRORIZE,F,72,38.88888888888889,25,25,11.11111111111111,0,0,0
SAN DIEGO PD,ADW/FORCE:POSSIBLE GBI,F,67,37.3134328358209,37.3134328358209,19.402985074626866,4.477611940298507,0,0,1.4925373134328357
SAN DIEGO PD,BURGLARY:FIRST DEGREE,F,61,31.147540983606557,34.42622950819672,29.508196721311474,4.918032786885246,0,0,0
SAN DIEGO PD,CARRY CON/DIRK OR DAGGER,F,57,26.31578947368421,22.807017543859647,43.859649122807014,3.508771929824561,1.7543859649122806,0,1.7543859649122806
SAN DIEGO PD,LOCAL ORDINANCE VIOL,I,94,59.57446808510638,18.085106382978726,14.893617021276595,5.319148936170213,0,2.127659574468085,0
SAN DIEGO PD,DISORD CONDUCT:ALCOHOL,M,1708,56.674473067915685,14.227166276346603,21.662763466042154,4.859484777517564,1.2295081967213115,0.351288056206089,0.9953161592505856
SAN DIEGO PD,UNDER INFLUENCE CNTL SUB,M,786,50.76335877862596,20.483460559796438,22.900763358778626,3.435114503816794,1.2722646310432568,0.1272264631043257,1.0178117048346056
SAN DIEGO PD,DUI ALCOHOL,M,612,45.751633986928105,9.313725490196079,31.209150326797385,8.823529411764707,3.2679738562091507,0.49019607843137253,1.1437908496732025
SAN DIEGO PD,DIS CON:LODGE W/O CONSENT,M,611,63.0114566284779,17.6759410801964,17.02127659574468,1.6366612111292964,0.16366612111292964,0.16366612111292964,0.32733224222585927
SAN DIEGO PD,BAT:SPOUSE/EX SP/DATE/ETC,M,404,38.366336633663366,19.554455445544555,31.683168316831683,7.673267326732673,0.9900990099009901,0.9900990099009901,0.7425742574257426
SAN DIEGO PD,OBSTRUCT/ETC PUB OFCR/ETC,M,357,35.57422969187675,25.770308123249297,30.532212885154063,3.6414565826330536,3.081232492997199,0.2801120448179272,1.1204481792717087
SAN DIEGO PD,POSS UNLAW PARAPHERNALIA,M,283,43.109540636042404,28.975265017667844,21.908127208480565,2.4734982332155475,1.4134275618374559,0.35335689045936397,1.76678445229682
SAN DIEGO PD,LOCAL ORDINANCE VIOL,M,272,55.51470588235294,27.941176470588236,14.338235294117647,1.1029411764705883,0.3676470588235294,0,0.7352941176470588
SAN DIEGO PD,POSSESS CNTL SUB,M,202,49.504950495049506,25.742574257425744,21.287128712871286,1.4851485148514851,0.49504950495049505,0.49504950495049505,0.9900990099009901
SAN DIEGO PD,CONTEMPT:DISOBEY CRT ORDR,M,179,51.955307262569825,21.787709497206702,20.670391061452513,3.35195530726257,1.1173184357541899,0.5586592178770949,0.5586592178770949
SAN DIEGO PD,VIO ORD:PREVNT DOMES VIOL,M,141,34.04255319148936,28.368794326241137,31.914893617021278,0.7092198581560284,2.127659574468085,0.7092198581560284,2.127659574468085
SAN DIEGO PD,BATTERY ON PERSON,M,95,41.05263157894737,27.368421052631582,25.263157894736842,4.2105263157894735,1.0526315789473684,0,1.0526315789473684
SAN DIEGO PD,APPROPR LOST PROP,M,93,59.13978494623656,22.58064516129032,11.827956989247312,3.225806451612903,2.1505376344086025,1.0752688172043012,0
SAN DIEGO PD,TAKE VEH W/O OWNER CONSNT,M,80,31.25,15,45,6.25,0,0,2.5
SAN DIEGO PD,DISORD CONDUCT:UI/DRUG,M,78,53.84615384615385,16.666666666666664,24.358974358974358,5.128205128205128,0,0,0
SAN DIEGO PD,DISRD CONDUCT:DRUG W/ALC,M,68,47.05882352941176,13.23529411764706,32.35294117647059,2.941176470588235,1.4705882352941175,1.4705882352941175,1.4705882352941175
SAN DIEGO PD,POSSESS NARCOTIC CNTL SUB,M,67,47.76119402985074,16.417910447761194,29.850746268656714,1.4925373134328357,4.477611940298507,0,0
SAN DIEGO PD,TRESPASSING,M,66,34.84848484848485,30.303030303030305,21.21212121212121,12.121212121212121,0,0,1.5151515151515151
SAN DIEGO PD,EXHIBIT DEADWPN:NOT F/ARM,M,64,46.875,23.4375,17.1875,10.9375,0,0,1.5625
SAN DIEGO PD,BATT PO/EMERG PRSNL/ETC,M,57,26.31578947368421,36.84210526315789,26.31578947368421,8.771929824561402,0,0,1.7543859649122806
SAN DIEGO PD,PROB VIOL:REAREST/REVOKE,X,65,35.38461538461539,29.230769230769234,29.230769230769234,3.076923076923077,1.5384615384615385,0,1.5384615384615385
SAN FRANCISCO PD - DOC,ADW NOT FIREARM,F,256,23.046875,46.875,19.140625,7.03125,2.34375,0.390625,1.171875
SAN FRANCISCO PD - DOC,ROBBERY,F,176,11.363636363636363,57.95454545454546,22.727272727272727,3.977272727272727,1.1363636363636365,0,2.840909090909091
SAN FRANCISCO PD - DOC,POS/PUR F/SALE NARC/C/SUB,F,141,13.47517730496454,23.404255319148938,58.156028368794324,2.8368794326241136,1.4184397163120568,0.7092198581560284,0
SAN FRANCISCO PD - DOC,TRANSP/SELL NARC/CNTL SUB,F,137,8.75912408759124,22.62773722627737,67.15328467153284,0,1.4598540145985401,0,0
SAN FRANCISCO PD - DOC,CONSPIRACY:COMMIT CRIME,F,136,19.11764705882353,50,25,1.4705882352941175,2.2058823529411766,0,2.2058823529411766
SAN FRANCISCO PD - DOC,ROBBERY:SECOND DEGREE,F,115,16.52173913043478,53.04347826086957,15.65217391304348,5.217391304347826,3.4782608695652173,0,6.086956521739131
SAN FRANCISCO PD - DOC,POSS/PUR COKE BASE F/SALE,F,103,5.825242718446602,18.446601941747574,74.75728155339806,0.9708737864077669,0,0,0
SAN FRANCISCO PD - DOC,BURGLARY:FIRST DEGREE,F,91,39.56043956043956,42.857142857142854,14.285714285714285,2.197802197802198,1.098901098901099,0,0
SAN FRANCISCO PD - DOC,BURGLARY:SECOND DEGREE,F,90,15.555555555555555,68.88888888888889,5.555555555555555,3.3333333333333335,4.444444444444445,0,2.2222222222222223
SAN FRANCISCO PD - DOC,POSS CNTL SUB FOR SALE,F,81,27.160493827160494,22.22222222222222,46.913580246913575,3.7037037037037033,0,0,0
SAN FRANCISCO PD - DOC,CRPL INJ:SPOUS/COHAB/DATE,F,73,34.24657534246575,24.65753424657534,31.506849315068493,5.47945205479452,1.36986301369863,0,2.73972602739726
SAN FRANCISCO PD - DOC,GRDTHFT:MONEY/LABOR/PROP,F,72,36.11111111111111,47.22222222222222,9.722222222222223,6.944444444444445,0,0,0
SAN FRANCISCO PD - DOC,INFLICT CRPL INJ SP/COHAB,F,60,38.333333333333336,33.33333333333333,18.333333333333332,3.3333333333333335,5,0,1.6666666666666667
SAN FRANCISCO PD - DOC,THRTN CRIME:INT:TERRORIZE,F,56,16.071428571428573,55.35714285714286,19.642857142857142,5.357142857142857,1.7857142857142856,0,1.7857142857142856
SAN FRANCISCO PD - DOC,POSS STOLEN VEH/VES/ETC,F,53,32.075471698113205,49.056603773584904,16.9811320754717,0,1.8867924528301887,0,0
SAN FRANCISCO PD - DOC,DISORD CONDUCT:UI/DRUG,M,291,38.48797250859107,17.525773195876287,32.98969072164948,7.560137457044673,3.0927835051546393,0,0.3436426116838488
SAN FRANCISCO PD - DOC,BURGLARY:SECOND DEGREE,M,221,32.57918552036199,50.678733031674206,9.95475113122172,4.524886877828054,0.4524886877828055,0,1.809954751131222
SAN FRANCISCO PD - DOC,CONTEMPT:DISOBEY CRT ORDR,M,154,28.57142857142857,31.818181818181817,29.87012987012987,6.493506493506493,2.5974025974025974,0,0.6493506493506493
SAN FRANCISCO PD - DOC,VANDALISM,M,126,39.682539682539684,31.746031746031743,17.46031746031746,4.761904761904762,1.5873015873015872,0,4.761904761904762
SAN FRANCISCO PD - DOC,ADW/FORCE:POSSIBLE GBI,M,117,18.803418803418804,48.717948717948715,17.094017094017094,13.675213675213676,0.8547008547008548,0,0.8547008547008548
SAN FRANCISCO PD - DOC,TAKE VEH W/O OWNER CONSNT,M,109,29.357798165137616,48.62385321100918,16.51376146788991,1.834862385321101,2.7522935779816518,0,0.9174311926605505
SAN FRANCISCO PD - DOC,THRTN CRIME:INT:TERRORIZE,M,103,27.184466019417474,44.66019417475729,15.53398058252427,10.679611650485436,0.9708737864077669,0,0.9708737864077669
SAN FRANCISCO PD - DOC,REC KNWN STOLN PROP,M,102,24.509803921568626,53.92156862745098,16.666666666666664,4.901960784313726,0,0,0
SAN FRANCISCO PD - DOC,POSSESS BURGLARY TOOLS,M,94,36.17021276595745,47.87234042553192,11.702127659574469,4.25531914893617,0,0,0
SAN FRANCISCO PD - DOC,BATTERY:SPOUSE/ETC,M,93,24.731182795698924,27.956989247311824,26.881720430107524,13.978494623655912,3.225806451612903,0,3.225806451612903
SAN FRANCISCO PD - DOC,BATTERY ON PERSON,M,80,30,37.5,20,8.75,2.5,0,1.25
SAN FRANCISCO PD - DOC,POSS UNLAW PARAPHERNALIA,M,78,30.76923076923077,41.02564102564102,21.794871794871796,5.128205128205128,0,0,1.282051282051282
SAN FRANCISCO PD - DOC,VIO ORD:PREVNT DOMES VIOL,M,55,27.27272727272727,32.72727272727273,25.454545454545453,7.2727272727272725,5.454545454545454,0,1.8181818181818181
SAN FRANCISCO PD - DOC,PROB VIOL:REAREST/REVOKE,X,85,30.58823529411765,48.23529411764706,12.941176470588237,2.3529411764705883,2.3529411764705883,0,3.5294117647058822
